50 100000000 0 0 0
2 -1.74497 0.91101 0.739587 0.394611
2.05 -1.70546 0.891617 0.838186 0.616316
2.1 -1.66198 0.869216 0.946915 0.823858
2.15 -1.60927 0.834383 1.17499 2.41295
2.2 -1.54655 0.783803 1.45187 6.19841
2.25 -1.46845 0.701604 1.78273 11.5712
2.3 -1.36901 0.517921 2.02672 39.8161
2.35 -1.27088 0.295038 1.48858 36.7399
2.4 -1.20263 0.18876 1.07262 17.5644
2.45 -1.15378 0.158561 0.944064 13.5027
2.5 -1.10478 0.113792 0.824246 7.60395
2.55 -1.06421 0.113158 0.762156 6.56144
2.6 -1.02857 0.098555 0.696144 5.11404
2.65 -0.99471 0.0851459 0.634285 3.71854
2.7 -0.96246 0.0767951 0.58379 3.10019
