20 100000000 0 0 0
2 -1.74661 -0.911897 0.73014 0.378734
2.06667 -1.69359 -0.885627 0.866481 0.72407
2.13333 -1.62892 -0.238433 1.06781 125.718
2.2 -1.55049 -0.259143 1.35006 104.808
2.26667 -1.45129 -0.0314032 1.61245 92.6176
2.33333 -1.33983 0.0454864 1.61298 65.3144
2.4 -1.23686 0.00419638 1.41818 43.255
2.46667 -1.15099 -0.00152541 1.11027 27.8286
2.53333 -1.08513 -0.000631377 0.887576 18.8176
2.6 -1.03136 -0.00513133 0.749323 13.4189
2.66667 -0.984641 -0.00508183 0.632074 10.0401
2.73333 -0.94405 0.00244469 0.554746 7.86966
2.8 -0.907562 -0.00115264 0.52877 6.43159
2.86667 -0.874923 -0.00231488 0.469805 5.33831
2.93333 -0.843393 0.00210526 0.442571 4.41014
3 -0.817483 0.00147237 0.400808 3.76852
