80 100000000 0 0 0
2 -1.74612 0.911628 0.766573 0.402608
2.06667 -1.69352 0.886336 0.910336 0.636473
2.13333 -1.62963 0.850006 1.08457 1.26865
2.2 -1.54808 0.787779 1.37149 3.67253
2.26667 -1.42321 0.570352 2.32853 59.046
2.33333 -1.28356 -0.0243346 1.5526 124.747
2.4 -1.20816 0.0398842 1.16586 74.2772
2.46667 -1.13449 0.0332498 0.936145 32.2402
2.53333 -1.08122 -0.00113449 0.777819 20.8403
2.6 -1.02983 0.00136018 0.713239 12.9468
2.66667 -0.984392 0.00359986 0.631356 11.2266
2.73333 -0.944615 -0.000820664 0.567015 7.28634
2.8 -0.909125 0.000576037 0.508362 5.9105
2.86667 -0.875465 0.000102536 0.458843 5.12177
2.93333 -0.845363 0.000592421 0.430226 4.31909
3 -0.817756 0.00058355 0.388476 3.62203
