40 100000000 0 0 0
2 -1.7463 0.911712 0.727372 0.379331
2.06667 -1.69287 0.8855 0.883576 0.710383
2.13333 -1.62912 0.850313 1.05853 1.15991
2.2 -1.54945 0.791179 1.36692 3.47276
2.26667 -1.43371 -0.377325 1.9657 210.074
2.33333 -1.30499 0.0536201 1.75594 144.092
2.4 -1.20709 0.0170765 1.23278 63.7116
2.46667 -1.13413 0.0231797 0.903634 29.3693
2.53333 -1.078 0.00827369 0.829536 19.1459
2.6 -1.02787 0.00788261 0.699359 13.6387
2.66667 -0.984531 -0.00033564 0.628875 10.1385
2.73333 -0.945034 0.00219883 0.576455 8.102
2.8 -0.908402 0.00576586 0.522477 6.29315
2.86667 -0.874851 -0.00561787 0.472637 5.33376
2.93333 -0.845328 0.00357587 0.438849 4.44739
3 -0.816785 0.00119166 0.403793 3.8537
