60 100000000 0 0 0
2 -1.74602 -0.911566 0.709089 0.371721
2.06667 -1.69306 -0.885936 0.855231 0.626754
2.13333 -1.62773 -0.848021 1.08334 1.36768
2.2 -1.55104 -0.792761 1.33591 3.19737
2.26667 -1.44419 -0.672685 1.74962 12.1491
2.33333 -1.30029 0.020433 1.86205 233.863
2.4 -1.20793 -0.0340231 1.15705 74.6084
2.46667 -1.13597 0.0345898 0.944005 30.2125
2.53333 -1.07893 0.00438675 0.807681 20.7309
2.6 -1.02931 -0.00910619 0.701135 13.1919
2.66667 -0.984558 0.003867 0.611906 11.0513
2.73333 -0.944969 -0.00635367 0.558824 8.12067
2.8 -0.907763 0.000687443 0.51147 6.71708
2.86667 -0.875471 -0.00405574 0.47419 5.14257
2.93333 -0.844871 -0.00210751 0.432792 4.43802
3 -0.817866 -0.000265852 0.392044 3.7433
